time,latitude,longitude,depth,mag,magType,nst,gap,dmin,rms,net,id,updated,place,type,horizontalError,depthError,magError,magNst,status,locationSource,magSource
2023-10-14T06:34:11.230Z,-31.3282,179.7323,415.151,5.7,mww,78,53,2.892,0.82,us,us6000lfhl,2023-10-14T06:48:49.040Z,"",earthquake,9.31,4.72,0.08,15,reviewed,us,us
2023-10-14T05:56:30.819Z,42.9594,-111.4905,6.272,2.8,ml,40,67,0.055,0.53,us,us6000lfhi,2023-10-14T06:06:44.040Z,"35 km NNE of Soda Springs, Idaho",earthquake,2.3,0.815,0.037,96,reviewed,us,us
2023-10-14T05:56:09.439Z,-5.659,145.9583,67.53,4.9,mb,83,63,6.102,0.67,us,us6000lfhj,2023-10-14T06:16:06.040Z,"51 km SSE of Madang, Papua New Guinea",earthquake,10.08,6.653,0.052,115,reviewed,us,us
2023-10-14T05:25:03.079Z,-60.4998,-25.6471,10,4.8,mb,38,95,17.705,0.63,us,us6000lfhc,2023-10-14T05:38:59.040Z,"South Sandwich Islands region",earthquake,5.17,1.911,0.09,38,reviewed,us,us
2023-10-14T04:33:13.692Z,32.6693,140.8365,56.954,4.8,mb,55,135,0.969,0.68,us,us6000lfh9,2023-10-14T05:00:47.040Z,"271 km SSE of Tateyama, Japan",earthquake,3.73,6.631,0.044,158,reviewed,us,us
2023-10-14T04:20:10.434Z,34.435,24.2608,10,4.1,mb,29,184,0.996,1.21,us,us6000lfh7,2023-10-14T05:09:51.040Z,"47 km SSE of Kastrí, Greece",earthquake,7.24,1.937,0.174,11,reviewed,us,us
2023-10-14T03:51:30.558Z,17.6164,-68.1956,10,3.2,ml,16,217,0.523,0.61,us,us6000lfh6,2023-10-14T04:02:17.040Z,"95 km SSE of Boca de Yuma, Dominican Republic",earthquake,4.82,1.999,0.064,32,reviewed,us,us
2023-10-14T02:44:04.353Z,63.7253,-145.0455,22.9,2.8,ml,,,,0.92,ak,ak023d6oows3,2023-10-14T02:46:46.263Z,"Central Alaska",earthquake,,0.2,,,automatic,ak,ak
2023-10-14T02:29:24.932Z,41.4868,142.1157,61.485,4.9,mb,65,127,0.941,0.74,us,us6000lfgw,2023-10-14T03:02:39.741Z,"78 km ENE of Mutsu, Japan",earthquake,5.07,6.877,0.036,243,reviewed,us,us
2023-10-14T02:06:01.575Z,16.5239,-98.6146,38.94,4.8,mb,50,171,1.034,1.08,us,us6000lfgt,2023-10-14T02:30:59.180Z,"9 km W of El Pitahayo, Mexico",earthquake,10.74,8.188,0.032,303,reviewed,us,us
2023-10-14T02:03:24.905Z,-21.15,-179.1936,604.338,4.4,mb,43,108,5.484,0.83,us,us6000lfgv,2023-10-14T03:07:47.040Z,"Fiji region",earthquake,12.03,8.495,0.087,41,reviewed,us,us
2023-10-13T23:53:12.670Z,17.9663333333333,-66.943,12.78,3.08,md,28,183,0.03322,0.17,pr,pr71428443,2023-10-14T03:35:49.077Z,"3 km SW of Fuig, Puerto Rico",earthquake,0.53,0.25,0.126826032148326,11,reviewed,pr,pr
2023-10-13T23:50:12.273Z,-5.6408,146.1329,95.866,4.4,mb,30,119,6.243,0.66,us,us6000lfge,2023-10-14T02:23:22.906Z,"60 km SE of Madang, Papua New Guinea",earthquake,12.3,7.322,0.11,24,reviewed,us,us
2023-10-13T23:32:24.060Z,18.8333,-64.556,8,3.56,md,16,291,0.6258,0.22,pr,pr2023286001,2023-10-14T00:45:18.040Z,"60 km NNE of Cruz Bay, U.S. Virgin Islands",earthquake,2.009,2.94,0.18,7,reviewed,pr,pr
2023-10-13T19:39:48.200Z,19.1931666666667,-155.6265,6.62,2.61,ml,48,66,,0.22,hv,hv73607692,2023-10-13T21:06:18.636Z,"13 km N of Wai‘ōhinu, Hawaii",earthquake,0.32,0.89,0.146566337248438,32,reviewed,hv,hv
2023-10-13T17:53:34.053Z,61.2784,-150.5223,34.2,2.6,ml,,,,0.23,ak,ak023d5a523h,2023-10-13T17:54:55.955Z,"29 km S of Susitna, Alaska",earthquake,,0.3,,,automatic,ak,ak
2023-10-13T17:39:19.510Z,20.0466666666667,-155.939833333333,6.18,2.59,ml,13,184,,0.15,hv,hv73607622,2023-10-13T22:07:16.040Z,"",earthquake,0.83,1.09,0.158090392738174,17,reviewed,hv,hv
2023-10-13T15:57:38.482Z,58.1973,-32.3529,10,4.6,mb,50,125,7.249,0.77,us,us6000lfct,2023-10-13T16:23:54.040Z,"Reykjanes Ridge",earthquake,11.05,1.926,0.06,84,reviewed,us,us
2023-10-13T15:23:09.249Z,61.2079,-151.1929,60.8,2.8,ml,,,,0.4,ak,ak023d58rpib,2023-10-13T15:24:27.604Z,"9 km NW of Beluga, Alaska",earthquake,,0.7,,,automatic,ak,ak
2023-10-13T14:20:56.587Z,-15.4066,-72.3642,105.791,4.5,mb,24,128,3.527,1.16,us,us6000lfcl,2023-10-13T14:39:52.040Z,"15 km S of Orcopampa, Peru",earthquake,8.13,7.166,0.125,19,reviewed,us,us
2023-10-13T14:15:11.675Z,52.2854,-173.527,121.7,3.5,ml,,,,0.64,ak,ak023d584l4j,2023-10-13T20:45:53.764Z,"47 km ENE of Atka, Alaska",earthquake,,0.9,,,reviewed,ak,ak
2023-10-13T14:08:08.350Z,40.3341675,-125.1146698,-0.36,2.78,md,24,304,0.5922,0.51,nc,nc73946745,2023-10-14T02:21:36.271Z,"70 km W of Petrolia, CA",earthquake,11.24,15.54,0.06,7,automatic,nc,nc
2023-10-13T13:19:54.735Z,36.3836,71.1857,131.652,4.5,mb,23,76,2.538,0.57,us,us6000lfcd,2023-10-13T18:05:19.164Z,"45 km SW of Ashkāsham, Afghanistan",earthquake,7.87,4.981,0.171,10,reviewed,us,us
2023-10-13T11:53:38.530Z,-17.8041,-178.4512,579.881,4.2,mb,40,83,4.374,0.81,us,us6000lfc5,2023-10-13T12:19:14.040Z,"Fiji region",earthquake,11.82,9.365,0.074,51,reviewed,us,us
2023-10-13T11:23:04.862Z,31.677,-104.19,6.093,3.1,ml(texnet),27,67,0.1,0.1,tx,tx2023ubox,2023-10-13T14:08:25.234Z,"55 km NW of Toyah, Texas",earthquake,0.5318783922,0.6756896047,0.3,18,reviewed,tx,tx
2023-10-13T11:13:30.979Z,34.7942,61.8689,10,4.2,mb,37,115,5.918,0.51,us,us6000lfc3,2023-10-13T12:00:00.040Z,"18 km SSE of Qarah Bāgh, Afghanistan",earthquake,5.57,1.951,0.11,23,reviewed,us,us
2023-10-13T10:32:59.821Z,67.1781,-154.814,1.1,2.5,ml,,,,0.7,ak,ak023d55ukta,2023-10-13T10:36:05.166Z,"94 km ENE of Kobuk, Alaska",earthquake,,0.3,,,automatic,ak,ak
2023-10-13T10:15:41.853Z,37.7761,73.9805,85.91,4.4,mb,35,69,2.409,0.36,us,us6000lfbn,2023-10-13T14:34:45.040Z,"43 km S of Murghob, Tajikistan",earthquake,3.89,9.378,0.123,20,reviewed,us,us
2023-10-13T09:59:51.988Z,41.0801,140.1595,172.478,5,mww,90,28,0.745,0.97,us,us6000lfbl,2023-10-13T10:32:53.136Z,"Hokkaido, Japan region",earthquake,4.74,5.79,0.093,11,reviewed,us,us
2023-10-13T08:54:34.504Z,-23.5137,179.9884,554.733,5.2,mww,95,59,6.024,0.65,us,us6000lfbg,2023-10-13T09:12:19.040Z,"south of the Fiji Islands",earthquake,11.77,7.327,0.098,10,reviewed,us,us
2023-10-13T08:04:25.900Z,44.3078346,-110.86483,6.89,2.54,ml,25,88,0.145,0.31,uu,uu60552132,2023-10-13T12:59:53.882Z,"Wyoming",earthquake,0.72,2.13,0.4,12,reviewed,uu,uu
2023-10-13T05:41:19.471Z,-8.9118,124.0155,113.397,4.4,mb,15,126,0.874,0.56,us,us6000lfb1,2023-10-13T12:27:01.040Z,"51 km NW of Pante Makasar, Timor Leste",earthquake,15.31,10.671,0.179,9,reviewed,us,us
2023-10-13T05:20:56.030Z,18.1306,-68.9838,90,3.88,md,11,322,0.714,0.47,pr,pr2023286000,2023-10-13T05:58:39.596Z,"32 km S of La Romana, Dominican Republic",earthquake,6.49,4.69,0.17,9,reviewed,pr,pr
2023-10-13T04:00:14.319Z,-2.9053,-79.1076,89.439,4.4,mb,21,98,1.151,0.63,us,us6000lfa8,2023-10-14T00:53:41.040Z,"11 km W of Cuenca, Ecuador",earthquake,4.53,10.628,0.162,11,reviewed,us,us
2023-10-13T03:44:32.333Z,-51.8028,139.4955,4.864,6,mww,44,94,10.353,0.8,us,us6000lf9x,2023-10-14T03:48:03.879Z,"",earthquake,11.1,3.368,0.08,15,reviewed,us,us
2023-10-13T03:33:14.607Z,37.8749,24.1204,10,4.4,mb,32,73,1.878,0.9,us,us6000lf9u,2023-10-13T19:08:29.333Z,"10 km E of Limín Mesoyaías, Greece",earthquake,5.66,1.906,0.162,11,reviewed,us,us
2023-10-13T03:28:30.720Z,20.1023333333333,-156.1185,39.91,3.2,ml,52,261,,0.14,hv,hv73607242,2023-10-13T21:42:24.310Z,"32 km WNW of Puako, Hawaii",earthquake,0.6,0.8,0.221707244650715,30,reviewed,hv,hv
2023-10-13T03:27:50.614Z,32.325,-101.088,11.9584,2.8,ml(texnet),43,44,0.2,0.2,tx,tx2023uazh,2023-10-13T10:51:07.183Z,"7 km WSW of Westbrook, Texas",earthquake,0.6841538728,0.9063488563,0.2,32,reviewed,tx,tx
2023-10-13T03:24:23.700Z,18.9655,-66.2648333333333,26.4,3.18,md,19,262,0.5467,0.18,pr,pr71428373,2023-10-13T03:47:48.170Z,"55 km N of Brenas, Puerto Rico",earthquake,0.69,5.48,0.0868388005012415,7,reviewed,pr,pr
2023-10-13T02:25:29.375Z,-56.3306,-26.6799,45.451,5.3,mb,48,75,5.965,0.78,us,us6000lf9b,2023-10-13T02:41:50.040Z,"South Sandwich Islands region",earthquake,10.25,6.111,0.077,58,reviewed,us,us
2023-10-13T02:09:21.350Z,17.9495,-66.9498333333333,12.88,2.7,md,9,209,0.07182,0.29,pr,pr71428368,2023-10-13T02:43:15.100Z,"5 km WSW of Guánica, Puerto Rico",earthquake,1.33,0.68,0.0323636149464317,4,reviewed,pr,pr
2023-10-13T01:09:26.929Z,36.038,68.7901,10,4.7,mb,60,58,1.508,0.91,us,us6000lf95,2023-10-13T01:47:45.492Z,"12 km NNE of Pul-e Khumrī, Afghanistan",earthquake,6.95,1.849,0.066,69,reviewed,us,us
2023-10-13T01:00:33.671Z,61.6073,-27.2479,10,4.5,mb,36,142,4.138,0.82,us,us6000lf94,2023-10-13T01:44:49.040Z,"Iceland region",earthquake,6.95,1.916,0.102,28,reviewed,us,us
2023-10-13T00:24:16.603Z,13.7842,120.9418,10,5.2,mb,88,84,8.081,0.91,us,us6000lf92,2023-10-14T03:54:08.860Z,"3 km N of Mabini, Philippines",earthquake,8.77,1.867,0.047,150,reviewed,us,us
2023-10-13T00:03:14.885Z,36.0508,68.715,10,4.9,mb,112,53,1.53,0.77,us,us6000lf8s,2023-10-13T00:18:38.040Z,"Hindu Kush region, Afghanistan",earthquake,3.84,1.833,0.05,126,reviewed,us,us
2023-10-12T22:54:43.582Z,-11.3364,166.2948,98.709,4.6,mb,28,147,4.181,0.3,us,us6000lf8m,2023-10-12T23:10:49.040Z,"86 km SE of Lata, Solomon Islands",earthquake,8.44,9.434,0.109,25,reviewed,us,us
2023-10-12T22:33:40.483Z,44.2272,148.5026,48.656,5.1,mww,87,136,4.253,0.69,us,us6000lf8b,2023-10-12T22:50:27.040Z,"121 km SSE of Kuril’sk, Russia",earthquake,8.95,3.566,0.093,11,reviewed,us,us
2023-10-12T21:46:39.844Z,-6.6348,128.9516,219.181,4.4,mb,58,52,2.303,0.57,us,us6000lf83,2023-10-12T22:40:20.040Z,"Banda Sea",earthquake,3.32,7.979,0.085,40,reviewed,us,us
2023-10-12T21:46:36.210Z,36.4674988,-120.8840027,15.45,2.53,md,46,134,0.1079,0.19,nc,nc73946525,2023-10-13T02:33:11.031Z,"20 km WNW of New Idria, CA",earthquake,0.52,0.75,0.16,44,automatic,nc,nc
2023-10-12T21:41:21.480Z,36.4661674,-120.8755035,15.85,3.15,ml,60,135,0.1035,0.2,nc,nc73946520,2023-10-13T19:19:02.194Z,"19 km WNW of New Idria, CA",earthquake,0.4,0.61,0.175,21,automatic,nc,nc
2023-10-12T21:04:24.805Z,51.693,100.0929,10,4.1,mb,24,55,2.21,0.54,us,us6000lf7t,2023-10-12T21:26:28.040Z,"44 km WNW of Turt, Mongolia",earthquake,6.57,1.693,0.131,16,reviewed,us,us
2023-10-12T20:06:43.920Z,29.5386,81.2143,10,4.4,mb,37,168,3.969,0.81,us,us6000lf7f,2023-10-13T14:53:52.040Z,"Nepal",earthquake,9.47,1.935,0.098,30,reviewed,us,us
2023-10-12T20:00:40.715Z,14.8766,-87.5663,10,4.6,mb,93,70,0.863,0.71,us,us6000lf7c,2023-10-14T01:23:01.688Z,"13 km NNE of La Libertad, Honduras",earthquake,5.56,1.892,0.06,82,reviewed,us,us
2023-10-12T19:46:32.337Z,44.2393,-115.1089,4.658,2.5,ml,14,57,0.231,0.42,us,us6000lf74,2023-10-13T14:44:07.040Z,"13 km W of Stanley, Idaho",earthquake,1.28,3.759,0.042,74,reviewed,us,us
2023-10-12T19:30:22.779Z,44.2357,-115.091,5.587,2.9,ml,24,48,0.218,0.75,us,us6000lf70,2023-10-13T14:05:32.040Z,"12 km W of Stanley, Idaho",earthquake,1.49,1.307,0.037,96,reviewed,us,us
2023-10-12T17:13:06.330Z,18.6443333333333,-65.939,49.62,3.02,md,7,213,0.3606,0.2,pr,pr71428323,2023-10-12T17:59:14.312Z,"24 km NNW of Loíza, Puerto Rico",earthquake,1.4,2.53,0.0976637780454195,4,reviewed,pr,pr
2023-10-12T14:07:36.010Z,19.017,-67.194,11,3.57,md,12,233,0.5557,0.46,pr,pr2023285002,2023-10-12T15:31:51.040Z,"58 km N of San Antonio, Puerto Rico",earthquake,1.47,3.2,0.06,10,reviewed,pr,pr
2023-10-12T13:40:17.984Z,-39.0082,178.7966,10,4.7,mb,28,194,1.472,1.14,us,us6000lf2w,2023-10-12T21:00:41.147Z,"72 km ESE of Wainui, New Zealand",earthquake,5.7,1.667,0.159,17,reviewed,us,us
2023-10-12T13:40:02.892Z,65.9101,-163.5774,10,2.6,ml,15,154,0.486,1.11,us,us6000lf4m,2023-10-12T15:37:24.040Z,"",earthquake,3.36,1.958,0.074,24,reviewed,us,us
2023-10-12T12:16:28.890Z,22.7906,120.5135,15.972,4.7,mb,40,70,0.519,0.61,us,us6000lf26,2023-10-13T17:32:48.380Z,"28 km NE of Kaohsiung, Taiwan",earthquake,5.83,4.624,0.093,35,reviewed,us,us
2023-10-12T11:53:18.402Z,63.1525,-149.7193,84,3.2,ml,,,,0.63,ak,ak023d3j12pq,2023-10-13T12:27:45.040Z,"46 km SW of Cantwell, Alaska",earthquake,,0.6,,,automatic,ak,ak
2023-10-12T11:06:46.620Z,18.617,-66.7503333333333,11.15,3.12,md,15,227,0.2515,0.19,pr,pr71428293,2023-10-12T17:58:52.584Z,"",earthquake,0.53,0.66,0.125278579328338,9,reviewed,pr,pr
2023-10-12T11:04:05.956Z,38.8742,43.4399,10,4.5,mb,41,36,0.636,1.23,us,us6000lf1y,2023-10-12T13:20:25.672Z,"18 km SSE of Erciş, Turkey",earthquake,5.01,0.954,0.11,24,reviewed,us,us
2023-10-12T10:34:57.612Z,-6.7721,155.2296,48.957,5.1,mb,57,43,3.986,1.14,us,us6000lf1v,2023-10-12T11:11:21.495Z,"Bougainville region, Papua New Guinea",earthquake,8.66,6.451,0.088,42,reviewed,us,us
2023-10-12T09:30:00.747Z,-10.24,119.915,27.646,4.9,mb,35,100,2.534,0.91,us,us6000lf1n,2023-10-12T09:46:31.040Z,"Sumba region, Indonesia",earthquake,5.67,5.989,0.128,19,reviewed,us,us
2023-10-12T08:54:39.419Z,37.7446,74.0347,10,4.6,mb,29,98,2.462,0.96,us,us6000lf1h,2023-10-12T09:49:07.040Z,"47 km S of Murghob, Tajikistan",earthquake,4.03,1.962,0.141,15,reviewed,us,us
2023-10-12T08:46:10.363Z,6.9735,-82.6372,10,4.7,mb,70,145,1.809,0.68,us,us6000lf1e,2023-10-12T09:33:18.040Z,"",earthquake,7.1,1.913,0.038,207,reviewed,us,us
2023-10-12T08:38:53.600Z,33.9085,-118.2701667,21.96,2.52,ml,115,50,0.04148,0.21,ci,ci40581528,2023-10-12T19:05:29.180Z,"2 km SW of Willowbrook, CA",earthquake,0.16,0.31,0.144,24,reviewed,ci,ci
2023-10-12T07:51:18.712Z,-4.3999,153.621,109.234,4.5,mb,18,225,1.468,0.17,us,us6000lf1a,2023-10-12T09:59:12.040Z,"150 km E of Kokopo, Papua New Guinea",earthquake,7.29,9.414,0.14,15,reviewed,us,us
2023-10-12T06:59:47.010Z,17.9188333333333,-66.9371666666667,16.73,2.57,md,5,229,0.1137,0.12,pr,pr71428283,2023-10-12T07:16:44.030Z,"6 km SSW of Guánica, Puerto Rico",earthquake,1.07,1.61,0.135914999395436,5,reviewed,pr,pr
2023-10-12T06:55:21.745Z,-25.3141,-69.1537,122.529,4.2,mb,28,58,0.423,0.48,us,us6000lf0v,2023-10-12T07:30:10.040Z,"134 km E of Taltal, Chile",earthquake,8.51,5.642,0.235,5,reviewed,us,us
2023-10-12T06:18:41.103Z,-4.5769,133.9424,7.334,5.2,mww,62,62,2.36,0.85,us,us6000lf0q,2023-10-12T06:42:51.040Z,"175 km NE of Tual, Indonesia",earthquake,7.52,3.908,0.093,11,reviewed,us,us
2023-10-12T06:04:51.576Z,-39.4968,-72.1358,81.908,4.7,mb,69,66,0.211,0.67,us,us6000lf0i,2023-10-12T12:42:17.862Z,"Araucania-Los Lagos border region, Chile",earthquake,8.73,6.024,0.079,49,reviewed,us,us
2023-10-12T05:33:02.136Z,31.548,-104.145,6.0802,2.5,ml(texnet),18,69,0,0.2,tx,tx2023tzhx,2023-10-12T12:48:47.682Z,"42 km NW of Toyah, Texas",earthquake,1.033941702,1.017967076,0.1,7,reviewed,tx,tx
2023-10-12T05:13:04.420Z,19.1981666666667,-155.500833333333,36.31,2.89,ml,57,70,,0.12,hv,hv73606227,2023-10-12T21:15:54.880Z,"2 km WSW of Pāhala, Hawaii",earthquake,0.39,0.46,0.144363126899227,39,reviewed,hv,hv
2023-10-12T05:00:21.170Z,-17.8008,-178.655,561.575,4.9,mb,86,32,4.504,0.86,us,us6000lf07,2023-10-12T05:20:54.040Z,"216 km E of Levuka, Fiji",earthquake,9.6,6.855,0.026,474,reviewed,us,us
2023-10-12T04:20:11.880Z,18.1818,-68.5528,54,3.68,md,12,288,0.3737,0.34,pr,pr2023285000,2023-10-12T04:48:55.403Z,"22 km SSE of Boca de Yuma, Dominican Republic",earthquake,3.62,3.56,0.1,9,reviewed,pr,pr
2023-10-12T04:15:43.642Z,54.4949,160.1794,112.794,4.2,mb,37,133,1.731,1.02,us,us6000lf03,2023-10-12T04:36:04.040Z,"103 km ESE of Mil’kovo, Russia",earthquake,12.05,12.406,0.096,30,reviewed,us,us
2023-10-12T03:30:31.199Z,-29.3289,-176.2373,10,4.8,mb,31,115,1.472,1.15,us,us6000lezl,2023-10-12T03:54:18.040Z,"Kermadec Islands region",earthquake,6.38,1.876,0.107,27,reviewed,us,us
2023-10-12T03:17:39.234Z,52.8249,-171.2676,113.189,4.4,mb,43,161,1.469,0.83,us,us6000lez7,2023-10-12T17:23:33.615Z,"",earthquake,9.78,9.005,0.056,90,reviewed,us,us
2023-10-12T03:02:50.381Z,60.3445,-150.7181,65.5,3.4,ml,,,,0.44,ak,ak023d3dyut1,2023-10-12T16:54:02.800Z,"17 km S of Funny River, Alaska",earthquake,,0.9,,,reviewed,ak,ak
2023-10-12T03:02:50.209Z,60.3497,-150.7148,63.4,3.3,ml,,,,0.26,ak,ak023d3dyqv0,2023-10-14T04:15:02.509Z,"17 km S of Funny River, Alaska",earthquake,,0.9,,,automatic,ak,ak
2023-10-12T02:41:12.874Z,52.7916,-171.2632,118.401,5.6,mww,131,50,0.757,1.42,us,us6000leyu,2023-10-14T02:51:15.967Z,"162 km W of Nikolski, Alaska",earthquake,6.13,4.42,0.037,69,reviewed,us,us
2023-10-12T01:34:02.260Z,38.6881667,-122.5043333,6.63,2.7,md,95,44,0.06647,0.14,nc,nc73946265,2023-10-12T14:59:51.503Z,"12 km SE of Middletown, CA",earthquake,0.13,0.35,0.172,110,reviewed,nc,nc
2023-10-11T23:44:00.837Z,29.8058,138.8555,452.494,4.1,mb,30,151,3.399,0.58,us,us6000ley7,2023-10-12T00:15:06.040Z,"Izu Islands, Japan region",earthquake,12.54,7.748,0.13,16,reviewed,us,us
2023-10-11T23:02:11.479Z,22.2515,101.5687,10,4.4,mb,23,100,4.507,0.49,us,us6000ley3,2023-10-11T23:50:42.040Z,"83 km NW of Phôngsali, Laos",earthquake,9.69,1.916,0.155,12,reviewed,us,us
2023-10-11T22:33:13.547Z,28.792,128.6949,137.196,4.6,mb,35,97,1.984,0.69,us,us6000lexu,2023-10-11T22:46:46.040Z,"",earthquake,7.39,9.01,0.078,49,reviewed,us,us
2023-10-11T20:04:57.368Z,-52.0599,139.5902,4.79,6.3,mww,116,35,10.536,0.89,us,us6000lews,2023-10-12T20:09:27.766Z,"",earthquake,10.09,2.89,0.052,35,reviewed,us,us
2023-10-11T18:37:22.045Z,29.5876,81.1553,10,4.8,mb,72,46,4.037,0.58,us,us6000lewe,2023-10-12T06:00:28.061Z,"41 km NNE of Dipayal, Nepal",earthquake,7.93,1.866,0.053,112,reviewed,us,us
2023-10-11T17:13:16.581Z,53.7778,-165.199,102.256,2.7,ml,20,224,0.497,0.38,us,us6000leyf,2023-10-13T15:00:56.040Z,"Fox Islands, Aleutian Islands, Alaska",earthquake,12.28,18.476,0.115,10,reviewed,us,us
2023-10-11T16:39:41.979Z,-24.9266,179.789,511.03,4.3,mb,25,94,4.777,0.51,us,us6000levf,2023-10-11T17:56:15.040Z,"south of the Fiji Islands",earthquake,10.58,9.254,0.129,17,reviewed,us,us
2023-10-11T16:23:46.186Z,-58.2868,-15.7494,10,4.9,mb,23,87,12.183,0.82,us,us6000levb,2023-10-11T23:08:53.040Z,"east of the South Sandwich Islands",earthquake,6.27,1.867,0.125,20,reviewed,us,us
2023-10-11T15:35:45.660Z,34.072,-118.1051667,10.18,2.71,ml,111,24,0.02539,0.18,ci,ci40581104,2023-10-12T23:48:42.253Z,"2 km ENE of Monterey Park, CA",earthquake,0.13,0.22,0.172,22,reviewed,ci,ci
2023-10-11T14:48:55.005Z,38.1815,-117.7594,10.3,2.7,ml,13,67.57,0.112,0.1449,nn,nn00867144,2023-10-13T16:22:42.040Z,"38 km SE of Mina, Nevada",earthquake,,1.2,0.37,9,reviewed,nn,nn
2023-10-11T13:53:41.542Z,53.1342,-166.7974,22.5,4.2,ml,,,,0.57,ak,ak023d1won2f,2023-10-12T00:30:36.866Z,"",earthquake,,1.6,,,reviewed,ak,ak
2023-10-11T13:10:19.730Z,19.34,-155.3065,3.66,2.72,ml,46,53,,0.12,hv,hv73604977,2023-10-11T22:33:42.330Z,"13 km SW of Volcano, Hawaii",earthquake,0.23,0.47,0.172863858862617,35,reviewed,hv,hv
2023-10-11T13:03:22.980Z,61.8159,-149.7005,35.1,2.7,ml,,,,0.26,ak,ak023d1wdw16,2023-10-11T13:04:31.778Z,"19 km ENE of Willow, Alaska",earthquake,,5.5,,,automatic,ak,ak
2023-10-11T12:10:34.530Z,35.6626666666667,-89.6853333333333,12.01,2.86,md,70,71,0.2266,0.16,nm,nm60555026,2023-10-12T17:38:08.929Z,"10 km W of Henning, Tennessee",earthquake,0.26,0.65,0.0623870403658886,59,reviewed,nm,nm
2023-10-11T10:39:33.043Z,11.511,-87.1678,42.762,4.2,mb,33,144,1.085,0.62,us,us6000leqt,2023-10-11T10:57:40.040Z,"77 km WSW of Masachapa, Nicaragua",earthquake,7.12,12.263,0.121,19,reviewed,us,us
2023-10-11T10:36:56.685Z,23.252,121.2992,17.479,5.2,mww,43,89,0.14,0.82,us,us6000leqs,2023-10-12T08:02:20.499Z,"78 km SE of Lugu, Taiwan",earthquake,3.54,3.22,0.098,10,reviewed,us,us
2023-10-11T10:28:52.095Z,18.0038,-105.9386,10,4.2,mb,12,277,4.752,0.74,us,us6000leqr,2023-10-11T10:52:09.040Z,"off the coast of Jalisco, Mexico",earthquake,13.04,2.022,0.112,22,reviewed,us,us
2023-10-11T05:59:24.041Z,34.6763,62.0641,10,4.5,mb,34,143,5.757,1.31,us,us6000leq2,2023-10-11T08:09:35.747Z,"38 km NNW of Herāt, Afghanistan",earthquake,7.16,1.944,0.118,21,reviewed,us,us
2023-10-11T05:47:48.714Z,31.679,-104.43,6.183,2.5,ml(texnet),15,52,0,0.2,tx,tx2023txmw,2023-10-11T12:44:47.699Z,"western Texas",earthquake,1.076222032,0.8785943362,0.1,7,reviewed,tx,tx
2023-10-11T05:29:50.626Z,-19.2331,-69.3973,109.747,4.9,mb,54,99,0.474,1.19,us,us6000lepx,2023-10-12T00:20:20.676Z,"9 km NNE of Camiña, Chile",earthquake,6.43,7.508,0.044,163,reviewed,us,us
2023-10-11T04:40:13.610Z,19.3676666666667,-155.285,1.41,2.52,ml,43,113,,0.12,hv,hv73604377,2023-10-11T04:53:43.120Z,"9 km SSW of Volcano, Hawaii",earthquake,0.16,0.19,0.152879764149289,20,reviewed,hv,hv
2023-10-11T04:37:06.397Z,-20.5357,-173.9981,10,5.1,mb,33,108,0.781,0.93,us,us6000leps,2023-10-11T05:10:34.040Z,"88 km SSE of Pangai, Tonga",earthquake,11.47,1.86,0.104,30,reviewed,us,us
2023-10-11T04:33:11.420Z,44.284,-114.832333333333,5.86,2.67,ml,29,44,0.178,0.25,mb,mb90029433,2023-10-11T15:00:58.530Z,"11 km NE of Stanley, Idaho",earthquake,0.38,0.92,0.266114463111319,33,reviewed,mb,mb
2023-10-11T04:23:09.795Z,37.7828,74.0175,10,4.2,mb,19,153,2.425,0.51,us,us6000lepm,2023-10-11T04:33:40.040Z,"43 km S of Murghob, Tajikistan",earthquake,8.38,1.991,0.306,3,reviewed,us,us
2023-10-11T04:10:35.652Z,-15.9117,-69.6393,229.29,4.8,mb,64,102,1.498,0.98,us,us6000lepk,2023-10-11T04:25:55.040Z,"16 km SSE of Taquile, Peru",earthquake,7.79,2.942,0.026,445,reviewed,us,us
2023-10-11T03:54:56.152Z,-63.8023,172.5028,10,5.5,mb,26,117,14.231,0.97,us,us6000lepj,2023-10-12T04:00:11.783Z,"Balleny Islands region",earthquake,11.18,1.899,0.092,41,reviewed,us,us
2023-10-11T03:42:13.290Z,73.6146,7.7797,10,4.4,mb,20,128,5.421,0.58,us,us6000lepf,2023-10-11T04:00:14.040Z,"Greenland Sea",earthquake,6.77,1.945,0.106,26,reviewed,us,us
2023-10-11T03:34:22.571Z,-25.322,179.5904,507.816,4.4,mb,21,79,4.506,0.5,us,us6000lepe,2023-10-11T03:53:15.040Z,"south of the Fiji Islands",earthquake,14.51,9.614,0.117,21,reviewed,us,us
2023-10-11T03:13:33.498Z,38.1663,-117.8949,11.9,2.6,ml,11,86.86,0.078,0.1533,nn,nn00867125,2023-10-13T04:07:39.040Z,"31 km SE of Mina, Nevada",earthquake,,1,0.43,7,reviewed,nn,nn
2023-10-11T03:03:55.272Z,60.0772,-150.9233,56.2,2.5,ml,,,,0.63,ak,ak023d1qfmhe,2023-10-13T03:56:23.040Z,"24 km N of Fox River, Alaska",earthquake,,1.3,,,automatic,ak,ak
2023-10-11T01:56:00.961Z,-24.1731,-66.8494,177.923,4.3,mb,24,78,1.722,0.41,us,us6000lep1,2023-10-13T03:11:01.040Z,"Salta, Argentina",earthquake,10.54,13.918,0.237,5,reviewed,us,us
2023-10-11T01:50:17.334Z,15.014,147.1082,10,5,mb,74,100,1.29,0.44,us,us6000lep0,2023-10-14T02:00:28.955Z,"147 km E of Saipan, Northern Mariana Islands",earthquake,7.99,1.874,0.047,147,reviewed,us,us
2023-10-11T01:41:05.058Z,34.6615,61.9278,10,4.1,mb,20,135,5.87,0.85,us,us6000leny,2023-10-12T23:58:41.040Z,"western Afghanistan",earthquake,6.06,1.985,0.185,8,reviewed,us,us
2023-10-11T01:13:10.460Z,34.4568,61.9624,10,4.1,mb,29,149,5.848,0.47,us,us6000lenq,2023-10-12T21:55:35.040Z,"23 km ENE of Zindah Jān, Afghanistan",earthquake,12.1,1.984,0.174,9,reviewed,us,us
2023-10-11T01:03:10.946Z,52.1891,-173.4606,78.583,3.9,mb,42,187,0.395,0.5,us,us6000ley9,2023-10-12T21:43:13.040Z,"Andreanof Islands, Aleutian Islands, Alaska",earthquake,6.41,6.014,0.229,5,reviewed,us,us
2023-10-11T00:53:24.195Z,51.1724,178.6927,28.497,3.1,ml,16,276,0.435,0.25,us,us6000ley8,2023-10-12T04:11:28.040Z,"Rat Islands, Aleutian Islands, Alaska",earthquake,6.02,12.501,0.091,16,reviewed,us,us
2023-10-11T00:52:45.356Z,34.5998,62.1253,10,5,mb,67,93,5.708,0.73,us,us6000leng,2023-10-11T02:57:14.531Z,"28 km NNW of Herāt, Afghanistan",earthquake,9.64,1.852,0.084,45,reviewed,us,us
2023-10-11T00:41:56.160Z,34.5565,62.0449,9,6.3,mww,412,21,5.775,0.72,us,us6000len8,2023-10-13T00:09:57.020Z,"",earthquake,6.99,1.753,0.044,49,reviewed,us,us
2023-10-11T00:13:33.148Z,73.2469,6.8387,10,4.7,mb,74,33,5.829,0.76,us,us6000len5,2023-10-11T00:30:26.040Z,"Greenland Sea",earthquake,8.63,1.87,0.067,68,reviewed,us,us
2023-10-11T00:04:41.629Z,2.8832,125.7671,173.908,4.6,mb,42,107,2.637,0.91,us,us6000len4,2023-10-11T00:35:34.040Z,"Pulau-Pulau Sangihe, Indonesia",earthquake,8.78,9.023,0.107,26,reviewed,us,us
2023-10-10T23:59:05.490Z,19.2676,-64.3425,14,3.62,md,15,308,1.102,0.31,pr,pr2023283001,2023-10-11T00:19:18.400Z,"114 km NNE of Cruz Bay, U.S. Virgin Islands",earthquake,9.79,19.94,0.13,14,reviewed,pr,pr
2023-10-10T20:20:24.229Z,-6.6481,129.7709,166.592,4.6,mb,87,83,2.116,0.64,us,us6000lelx,2023-10-11T14:27:24.040Z,"",earthquake,8.12,6.894,0.063,80,reviewed,us,us
2023-10-10T17:17:29.372Z,28.9468,-98.1052,3.512,2.8,mb_lg,16,63,0.276,0.7,us,us6000lekm,2023-10-10T17:28:56.040Z,"9 km WSW of Falls City, Texas",earthquake,1.79,5.326,0.073,50,reviewed,us,us
2023-10-10T16:42:28.421Z,-8.5598,112.5475,84.706,4.7,mb,81,49,1.59,1,us,us6000lei9,2023-10-11T22:42:23.741Z,"43 km SSW of Gongdanglegi Kulon, Indonesia",earthquake,7.6,5.684,0.074,55,reviewed,us,us
2023-10-10T14:38:53.839Z,-8.1662,119.7296,186.555,4.4,mb,21,71,2.041,1.04,us,us6000lehv,2023-10-10T15:09:51.040Z,"40 km NNW of Labuan Bajo, Indonesia",earthquake,10.14,8.182,0.189,8,reviewed,us,us
2023-10-10T13:50:01.970Z,33.7906667,-115.5751667,5.35,2.63,ml,34,51,0.09862,0.19,ci,ci40580496,2023-10-12T16:10:33.040Z,"18 km WNW of Desert Center, CA",earthquake,0.23,0.79,0.153,25,reviewed,ci,ci
2023-10-10T12:27:41.581Z,15.9832,146.9409,36.505,4.9,mb,70,76,1.333,0.89,us,us6000leh9,2023-10-10T12:54:47.040Z,"153 km ENE of Saipan, Northern Mariana Islands",earthquake,9.76,4.03,0.066,73,reviewed,us,us
2023-10-10T12:24:30.189Z,7.0223,-82.5847,10,4.5,mb,65,149,1.763,0.6,us,us6000leh8,2023-10-11T12:05:50.417Z,"116 km SSE of Burica, Panama",earthquake,7.44,1.915,0.091,35,reviewed,us,us
2023-10-10T12:09:11.371Z,32.3685,-104.4707,9.424,2.7,ml,32,90,0.512,0.35,us,us6000leh6,2023-10-10T13:31:40.040Z,"23 km NNW of Whites City, New Mexico",earthquake,1.91,8.389,0.059,72,reviewed,us,us
2023-10-10T11:52:40.930Z,38.6873333,-122.5065,6.27,2.79,md,118,28,0.06621,0.16,nc,nc73948511,2023-10-12T03:48:14.024Z,"12 km SE of Middletown, CA",earthquake,0.13,0.4,0.158,164,reviewed,nc,nc
2023-10-10T11:09:19.110Z,44.6703333,-110.0013333,13.18,3.34,ml,25,115,0.08357,0.25,uu,uu60033849,2023-10-11T22:10:40.714Z,"37 km S of Silver Gate, Montana",earthquake,0.57,0.92,0.232,11,reviewed,uu,uu
2023-10-10T10:56:13.977Z,-20.0398,-70.9985,17,4.2,mwr,30,131,0.847,0.85,us,us6000legx,2023-10-10T12:16:59.040Z,"90 km WNW of Puerto, Chile",earthquake,5.51,1.91,0.069,20,reviewed,us,us
2023-10-10T10:53:58.767Z,49.8268,155.7379,74.498,4.4,mb,69,128,3.507,0.3,us,us6000legz,2023-10-10T11:50:33.040Z,"98 km SSW of Severo-Kuril’sk, Russia",earthquake,9.17,5.824,0.071,57,reviewed,us,us
2023-10-10T10:21:15.555Z,28.929,-98.055,4.6464,2.8,ml(texnet),20,44,0.1,0.2,tx,tx2023twaj,2023-10-10T13:57:20.531Z,"6 km SSW of Falls City, Texas",earthquake,1.041465609,2.298420014,0.1,6,reviewed,tx,tx
2023-10-10T10:01:31.086Z,-22.8844,-66.2242,247.255,6,mww,100,34,1.803,0.7,us,us6000legn,2023-10-11T10:08:26.038Z,"57 km WSW of Abra Pampa, Argentina",earthquake,8.15,5.84,0.047,44,reviewed,us,us
2023-10-10T09:48:24.920Z,19.3806,-64.2715,45,3.91,md,13,310,1.2355,0.27,pr,pr2023283000,2023-10-10T10:42:52.040Z,"128 km NNE of Cruz Bay, U.S. Virgin Islands",earthquake,3.26,18.71,0.12,9,reviewed,pr,pr
2023-10-10T08:32:46.879Z,57.8948,-139.017,5.9,4.2,ml,,,,0.88,ak,ak023d061muv,2023-10-11T07:03:25.498Z,"161 km WSW of Elfin Cove, Alaska",earthquake,,0.9,,,reviewed,ak,ak
2023-10-10T07:21:32.234Z,-15.545,-174.2009,25.023,5.7,mww,57,57,3.092,1.21,us,us6000leg0,2023-10-11T07:25:28.834Z,"62 km NW of Hihifo, Tonga",earthquake,7.49,5.196,0.089,12,reviewed,us,us
2023-10-10T06:27:37.739Z,-23.4159,-66.8135,210.083,4.4,mb,39,71,1.339,1.08,us,us6000lefq,2023-10-10T06:47:09.040Z,"102 km NNW of San Antonio de los Cobres, Argentina",earthquake,6.28,8.365,0.107,25,reviewed,us,us
2023-10-10T05:46:19.008Z,58.293,-133.4128,0,2.6,ml,,,,0.73,ak,ak023d04cafp,2023-10-10T05:54:43.337Z,"59 km E of Juneau, Alaska",ice quake,,0,,,reviewed,ak,ak
2023-10-10T05:17:53.091Z,58.3404,-133.399,0,2.8,ml,,,,0.63,ak,ak023d046523,2023-10-10T05:49:07.570Z,"59 km E of Juneau, Alaska",ice quake,,0,,,reviewed,ak,ak
2023-10-10T03:36:03.170Z,31.4901667,-115.6428333,8.27,2.63,ml,13,70,0.1557,0.22,ci,ci40580344,2023-10-10T17:14:11.952Z,"91 km ESE of Maneadero, B.C., MX",earthquake,0.33,1.34,0.099,31,reviewed,ci,ci
2023-10-10T02:52:52.730Z,51.247,-179.0714,20.999,2.9,ml,18,212,0.347,0.4,us,us6000lel7,2023-10-11T04:52:26.040Z,"182 km WSW of Adak, Alaska",earthquake,5.65,5.963,0.128,8,reviewed,us,us
2023-10-10T02:10:50.977Z,31.646,-103.996,6.4658,3,ml(texnet),15,70,0,0.1,tx,tx2023tvke,2023-10-13T19:29:24.167Z,"38 km W of Mentone, Texas",earthquake,2.327876325,1.877362514,0.1,6,reviewed,tx,tx
2023-10-10T02:00:52.602Z,32.3584,-104.4798,10,2.6,ml,27,90,0.517,0.48,us,us6000leex,2023-10-11T04:44:24.040Z,"22 km NNW of Whites City, New Mexico",earthquake,3.17,2.011,0.081,60,reviewed,us,us
2023-10-10T01:53:36.220Z,31.4903333,-115.642,8.43,3.04,ml,12,70,0.1564,0.19,ci,ci40580320,2023-10-10T14:07:27.782Z,"91 km ESE of Maneadero, B.C., MX",earthquake,0.3,1.25,0.133,56,reviewed,ci,ci
2023-10-10T01:24:03.879Z,32.407,-102.036,8.8282,2.7,ml(texnet),27,58,0.1,0.1,tx,tx2023tviq,2023-10-11T04:40:37.040Z,"32 km WSW of Ackerly, Texas",earthquake,0.9579435658,1.998260483,0.1,7,reviewed,tx,tx
2023-10-10T01:10:23.842Z,51.7916,178.149,139.872,3.1,ml,21,172,0.274,0.38,us,us6000lefi,2023-10-11T04:35:11.040Z,"Rat Islands, Aleutian Islands, Alaska",earthquake,9.17,4.366,0.085,18,reviewed,us,us
2023-10-10T01:05:43.524Z,13.1487,-87.6259,191.755,4.4,mb,65,126,0.742,0.78,us,us6000leeq,2023-10-11T04:04:38.040Z,"Honduras",earthquake,7.65,7.574,0.075,51,reviewed,us,us
2023-10-10T00:13:15.347Z,-23.6067,-63.6564,538.053,5.6,mww,95,25,4.209,0.8,us,us6000leee,2023-10-11T14:03:30.040Z,"63 km SE of Embarcación, Argentina",earthquake,10.66,6.116,0.055,32,reviewed,us,us
2023-10-09T22:32:10.908Z,52.7517,159.3114,71.476,4.3,mb,32,112,0.484,0.75,us,us6000lee4,2023-10-09T23:02:19.040Z,"57 km SE of Petropavlovsk-Kamchatsky, Russia",earthquake,10.48,5.974,0.109,24,reviewed,us,us
2023-10-09T22:25:20.740Z,12.6316,-88.2309,62.107,4.4,mb,41,146,0.837,0.98,us,us6000lee1,2023-10-09T22:44:48.040Z,"65 km SSW of Intipucá, El Salvador",earthquake,4.74,8.298,0.053,104,reviewed,us,us
2023-10-09T20:41:05.878Z,1.6193,-85.3469,10,4.6,mb,41,149,5.843,0.64,us,us6000ledr,2023-10-10T15:22:27.040Z,"off the coast of Ecuador",earthquake,11.34,1.954,0.107,26,reviewed,us,us
2023-10-09T19:48:06.471Z,56.3012,162.768,10,4.3,mb,70,104,4.063,0.67,us,us6000led5,2023-10-10T15:35:21.040Z,"19 km ENE of Ust’-Kamchatsk Staryy, Russia",earthquake,11.2,1.917,0.063,71,reviewed,us,us
2023-10-09T18:43:19.048Z,-4.3679,153.0602,12.024,4.3,mb,29,154,0.911,0.8,us,us6000lf5a,2023-10-13T15:33:29.040Z,"87 km E of Kokopo, Papua New Guinea",earthquake,8.59,4.255,0.122,19,reviewed,us,us
2023-10-09T18:35:11.639Z,32.832,-100.94,6.1381,2.9,ml(texnet),19,63,0,0.2,tx,tx2023tuve,2023-10-12T19:46:39.590Z,"12 km N of Snyder, Texas",earthquake,0.7536083901,1.629053716,0.1,7,reviewed,tx,tx
2023-10-09T18:23:09.360Z,49.0862,21.7825,8.273,5,mww,162,16,1.715,0.69,us,us6000lec2,2023-10-13T22:23:08.674Z,"Poland-Slovakia border region",earthquake,5.39,2.701,0.045,47,reviewed,us,us
2023-10-09T17:24:46.561Z,-7.3719,68.4348,10,4.6,mb,58,58,3.985,0.94,us,us6000lebv,2023-10-13T16:09:01.040Z,"Chagos Archipelago region",earthquake,4.54,1.846,0.08,49,reviewed,us,us
2023-10-09T17:00:43.190Z,3.1702,127.06,45.028,4.4,mb,30,123,2.402,1,us,us6000lebh,2023-10-13T15:45:20.040Z,"191 km NNW of Tobelo, Indonesia",earthquake,10.18,6.847,0.112,23,reviewed,us,us
2023-10-09T15:57:15.400Z,34.0883333,-118.2615,11.47,2.59,ml,93,31,0.03872,0.18,ci,ci40579712,2023-10-13T10:22:16.262Z,"0 km SE of Silver Lake, CA",earthquake,0.13,0.22,0.149,26,reviewed,ci,ci
2023-10-09T15:15:16.374Z,32.682,-100.696,6.774,2.9,ml(texnet),23,55,0,0.2,tx,tx2023tuoo,2023-10-09T15:40:23.040Z,"7 km NE of Hermleigh, Texas",earthquake,0.8194975003,1.468453297,0.1,19,reviewed,tx,tx
2023-10-09T14:29:05.788Z,-0.9087,-79.1846,105.014,4.1,mb,25,111,0.661,0.71,us,us6000le97,2023-10-09T16:46:27.040Z,"5 km NE of La Maná, Ecuador",earthquake,3.43,5.803,0.144,13,reviewed,us,us
2023-10-09T13:59:24.800Z,28.966,-97.62,3.9861,4,ml(texnet),30,92,0.1,0.3,tx,tx2023tumb,2023-10-10T14:48:41.355Z,"5 km NNW of Nordheim, Texas",earthquake,1.49659632,1.907328823,0.2,21,reviewed,tx,tx
2023-10-09T13:48:48.340Z,38.7628333,-122.7255,2.15,2.8,md,97,26,0.001335,0.07,nc,nc73948151,2023-10-12T16:13:30.040Z,"3 km ESE of The Geysers, CA",earthquake,0.09,0.14,0.188,141,reviewed,nc,nc
2023-10-09T13:30:46.525Z,34.6605,62.0341,10,5.1,mww,114,88,5.782,0.9,us,us6000le8s,2023-10-09T20:07:43.978Z,"37 km NNW of Herāt, Afghanistan",earthquake,7.43,1.85,0.078,16,reviewed,us,us
2023-10-09T13:25:55.545Z,28.926,-98.062,6.7251,3.5,ml(texnet),22,73,0.1,0.5,tx,tx2023tuky,2023-10-09T19:23:22.764Z,"7 km SW of Falls City, Texas",earthquake,1.962698389,3.036989574,0.2,20,reviewed,tx,tx
2023-10-09T13:03:54.309Z,-23.6804,-66.8729,216.661,4.1,ml,21,134,1.402,0.27,us,us6000le8j,2023-10-09T15:55:02.040Z,"Jujuy, Argentina",earthquake,12.9,15.964,,,reviewed,us,guc
2023-10-09T12:43:31.192Z,51.4936,178.9807,32.248,3.8,mb,36,174,0.232,0.99,us,us6000le90,2023-10-10T04:41:55.040Z,"",earthquake,5.14,7.655,0.17,9,reviewed,us,us
2023-10-09T12:35:55.347Z,3.2631,127.0766,39.14,4.4,mb,24,81,2.492,0.78,us,us6000le8e,2023-10-09T12:51:27.040Z,"198 km NNW of Tobelo, Indonesia",earthquake,9.52,6.263,0.134,16,reviewed,us,us
2023-10-09T12:24:38.222Z,3.2965,127.0584,34.086,4.8,mb,55,75,2.527,0.78,us,us6000le8d,2023-10-09T12:39:24.040Z,"203 km NNW of Tobelo, Indonesia",earthquake,5.53,5.383,0.073,58,reviewed,us,us
2023-10-09T12:05:33.408Z,61.243,-146.9095,3.7,2.5,ml,,,,0.7,ak,ak023cykq7o9,2023-10-09T13:33:47.492Z,"32 km WNW of Valdez, Alaska",earthquake,,0.2,,,automatic,ak,ak
2023-10-09T12:04:44.760Z,33.1176667,-115.6038333,10.69,2.58,ml,54,82,0.06046,0.24,ci,ci40579440,2023-10-10T10:10:30.687Z,"8 km W of Calipatria, CA",earthquake,0.23,0.46,0.188,27,reviewed,ci,ci
2023-10-09T10:58:17.288Z,51.8318,178.4873,99.62,2.7,ml,16,235,0.112,0.36,us,us6000le8y,2023-10-12T06:41:06.040Z,"Rat Islands, Aleutian Islands, Alaska",earthquake,6.4,5.833,0.115,12,reviewed,us,us
2023-10-09T10:08:41.290Z,17.8893333333333,-66.923,14.63,2.89,md,17,241,0.08355,0.09,pr,pr71428053,2023-10-09T10:24:37.570Z,"9 km S of Guánica, Puerto Rico",earthquake,0.55,0.42,0.17537555426393,9,reviewed,pr,pr
2023-10-09T09:46:00.777Z,34.7494,62.0168,10,4.7,mb,74,150,5.796,0.63,us,us6000le7q,2023-10-09T11:13:49.558Z,"30 km SE of Qarah Bāgh, Afghanistan",earthquake,9.24,1.903,0.057,95,reviewed,us,us
2023-10-09T07:21:59.742Z,-45.7315,166.1303,10,4.2,mb,31,82,0.766,0.4,us,us6000le75,2023-10-11T07:06:31.040Z,"off the west coast of the South Island of New Zealand",earthquake,5.44,1.94,0.235,5,reviewed,us,us
2023-10-09T07:07:08.226Z,34.1165,45.8027,10,4.6,mb,54,138,1.508,0.55,us,us6000le73,2023-10-10T07:25:57.040Z,"38 km S of Sarpol-e Z̄ahāb, Iran",earthquake,5.2,1.915,0.094,34,reviewed,us,us
2023-10-09T06:54:06.387Z,34.6185,62.029,10,4.9,mb,67,85,5.787,0.54,us,us6000le6y,2023-10-09T18:40:36.469Z,"33 km NNW of Herāt, Afghanistan",earthquake,9.46,1.871,0.052,115,reviewed,us,us
2023-10-09T06:29:31.663Z,31.628,-103.99,7.3013,2.9,ml(texnet),33,49,0,0.1,tx,tx2023ttxf,2023-10-09T15:01:31.223Z,"38 km WSW of Mentone, Texas",earthquake,0.3769752486,0.5032247142,0.2,24,reviewed,tx,tx
2023-10-09T06:28:54.396Z,38.2755,38.1522,10,4.2,mb,32,44,0.829,0.37,us,us6000le6p,2023-10-09T10:36:21.040Z,"8 km WSW of Yeşilyurt, Turkey",earthquake,2.34,1.883,0.159,11,reviewed,us,us
2023-10-09T06:27:38.350Z,17.826,-66.872,7.81,2.58,md,5,261,0.1484,0.22,pr,pr71428028,2023-10-09T06:38:47.670Z,"16 km SSE of Guánica, Puerto Rico",earthquake,3.7,4.48,0.0971706078804511,5,reviewed,pr,pr
2023-10-09T05:54:09.982Z,-23.9344,-66.8994,211.965,4.5,mb,27,69,1.529,0.99,us,us6000le6j,2023-10-09T08:33:17.040Z,"",earthquake,9.67,8.835,0.145,14,reviewed,us,us
2023-10-09T05:09:40.742Z,44.6817,146.2867,174.468,5.3,mww,129,60,2.707,0.93,us,us6000le6f,2023-10-09T05:31:25.040Z,"76 km NNE of Otrada, Russia",earthquake,7.43,4.56,0.063,24,reviewed,us,us
2023-10-09T04:26:57.041Z,-6.9752,129.6095,154.599,4.4,mb,28,112,2.454,0.65,us,us6000le69,2023-10-11T03:49:47.040Z,"Banda Sea",earthquake,7.26,8.576,0.134,16,reviewed,us,us
2023-10-09T04:24:07.544Z,54.2544,-160.7744,35,2.5,ml,14,273,1.098,0.5,us,us6000le8u,2023-10-11T03:44:19.040Z,"121 km S of Sand Point, Alaska",earthquake,2.79,2.025,0.128,8,reviewed,us,us
2023-10-09T03:50:48.637Z,0.3901,122.1974,133.984,5.1,mb,118,32,1.534,0.82,us,us6000le5w,2023-10-11T03:08:00.040Z,"97 km W of Gorontalo, Indonesia",earthquake,6.32,4.535,0.045,159,reviewed,us,us
2023-10-09T03:31:07.257Z,-4.5082,133.9047,10,4.4,mb,20,69,2.285,0.98,us,us6000le5t,2023-10-11T02:58:01.040Z,"",earthquake,8.43,1.889,0.155,12,reviewed,us,us
2023-10-09T03:21:03.696Z,-7.6162,133.4197,10,4.5,mb,24,100,4.654,0.5,us,us6000le5r,2023-10-11T02:10:19.040Z,"231 km SSE of Tual, Indonesia",earthquake,6.27,1.89,0.15,13,reviewed,us,us
2023-10-09T03:02:41.120Z,32.682,-100.698,6.3827,3.1,ml(texnet),29,47,0,0.3,tx,tx2023ttqk,2023-10-09T15:24:16.669Z,"7 km NE of Hermleigh, Texas",earthquake,1.069561538,1.83227485,0.1,17,reviewed,tx,tx
2023-10-09T02:51:34.990Z,40.2517,142.393,50.461,5,mb,18,179,1.146,0.27,us,us6000le5d,2023-10-11T01:44:41.040Z,"51 km ENE of Noda, Japan",earthquake,7.1,10.549,0.213,7,reviewed,us,us
2023-10-09T02:42:22.177Z,-21.9237,-68.6167,100.12,4.1,mb,22,62,0.594,0.79,us,us6000le5b,2023-10-11T01:38:53.040Z,"66 km NNE of Calama, Chile",earthquake,2.56,7.527,0.234,5,reviewed,us,us
2023-10-09T02:21:08.810Z,48.032833333333336,-122.7065,56.95,4.34,ml,143,26,0.05452,0.25,uw,uw61965081,2023-10-14T04:45:27.442Z,"Port Townsend, WA",earthquake,0.28,0.44,0.16146187599145634,140,reviewed,uw,uw
2023-10-09T01:40:44.520Z,18.1765,-66.983,13.03,3.01,md,19,48,0.008164,0.2,pr,pr71428013,2023-10-09T03:49:29.817Z,"0 km SW of Maricao, Puerto Rico",earthquake,0.36,0.5,0.0872329309924456,11,reviewed,pr,pr
2023-10-09T01:27:30.721Z,3.9465,95.8156,51.988,4.4,mb,27,116,1.701,0.73,us,us6000le50,2023-10-11T01:15:53.040Z,"40 km WSW of Meulaboh, Indonesia",earthquake,9.13,8.426,0.139,15,reviewed,us,us
2023-10-09T01:20:15.912Z,-10.299,161.3639,74.428,4.7,mb,52,102,1.637,0.48,us,us6000le4w,2023-10-10T23:25:13.040Z,"63 km WNW of Kirakira, Solomon Islands",earthquake,10.26,7.438,0.087,40,reviewed,us,us
2023-10-09T01:19:21.531Z,62.1685,-150.9325,14.1,2.5,ml,,,,0.71,ak,ak023cye9f4p,2023-10-10T22:38:21.040Z,"Central Alaska",earthquake,,0.2,,,automatic,ak,ak
2023-10-09T00:39:20.630Z,-20.2402,-177.6251,499.749,4.6,mb,56,97,3.769,0.85,us,us6000le4q,2023-10-09T00:54:59.040Z,"Fiji region",earthquake,12.23,8.306,0.031,313,reviewed,us,us
2023-10-08T23:50:28.940Z,61.3482,-146.4028,14.8,2.7,ml,,,,0.63,ak,ak023cx409mu,2023-10-10T18:26:34.635Z,"24 km N of Valdez, Alaska",earthquake,,0.2,,,reviewed,ak,ak
2023-10-08T23:35:05.063Z,8.8156,-77.1671,25.935,4.6,mb,45,96,0.791,0.65,us,us6000le4f,2023-10-08T23:49:07.040Z,"Panama-Colombia border region",earthquake,6.6,5.928,0.063,75,reviewed,us,us
2023-10-08T22:42:29.413Z,49.771,89.0078,10,4.4,mb,54,69,3.59,0.59,us,us6000le45,2023-10-08T23:02:49.040Z,"14 km WNW of Tashanta, Russia",earthquake,8.16,1.852,0.087,38,reviewed,us,us
2023-10-08T22:41:13.640Z,-22.9894,-66.3047,237.861,4.6,mb,33,96,1.728,0.87,us,us6000le44,2023-10-08T22:54:28.040Z,"68 km WNW of El Aguilar, Argentina",earthquake,9.65,9.841,0.117,22,reviewed,us,us
2023-10-08T22:02:53.353Z,52.699,-166.6638,6.634,3,ml,15,250,1.037,0.42,us,us6000le4k,2023-10-09T01:06:09.040Z,"131 km S of Unalaska, Alaska",earthquake,4.3,5.631,0.128,8,reviewed,us,us
2023-10-08T21:30:23.900Z,38.8271667,-122.804,1.75,3.87,mw,108,20,0.006058,0.06,nc,nc73947486,2023-10-14T02:06:32.597Z,"7 km NW of The Geysers, CA",earthquake,0.07,0.11,,3,reviewed,nc,nc
2023-10-08T21:21:42.192Z,29.7824,139.9375,10,4.9,mb,32,131,6.9,0.52,us,us6000le3x,2023-10-08T22:06:57.040Z,"Izu Islands, Japan region",earthquake,11.08,1.92,0.112,25,reviewed,us,us
2023-10-08T21:17:29.574Z,29.7869,140.026,10,5.4,mb,68,82,5.12,0.98,us,us6000le3k,2023-10-09T21:22:08.280Z,"Izu Islands, Japan region",earthquake,10.97,1.878,0.034,294,reviewed,us,us
2023-10-08T21:13:28.933Z,29.7887,140.0434,10,5.1,mb,63,63,6.101,0.67,us,us6000le3r,2023-10-08T21:54:26.040Z,"Izu Islands, Japan region",earthquake,11.14,1.837,0.044,168,reviewed,us,us
2023-10-08T21:05:33.644Z,29.758,140.0207,10,5.3,mb,80,82,5.146,0.81,us,us6000le2y,2023-10-08T21:19:58.040Z,"",earthquake,10.78,1.865,0.058,101,reviewed,us,us
2023-10-08T21:00:41.697Z,29.8125,140.0184,10,5,mb,66,111,6.07,0.84,us,us6000le3e,2023-10-08T21:25:47.040Z,"Izu Islands, Japan region",earthquake,11.47,1.875,0.039,215,reviewed,us,us
2023-10-08T20:56:48.379Z,29.8249,139.9328,10,4.9,mb,50,111,5.06,0.83,us,us6000le3u,2023-10-12T19:40:23.040Z,"",earthquake,9.31,1.854,0.1,31,reviewed,us,us
2023-10-08T20:51:25.664Z,29.77,139.9186,10,4.7,mb,57,83,3.336,0.93,us,us6000lf4g,2023-10-12T19:34:13.040Z,"",earthquake,2.56,1.852,0.092,36,reviewed,us,us
2023-10-08T20:43:09.456Z,29.7256,140.2201,10,4.8,mb,71,102,3.397,0.66,us,us6000lf4i,2023-10-12T19:25:04.040Z,"Izu Islands, Japan region",earthquake,9.25,1.868,0.076,53,reviewed,us,us
2023-10-08T20:34:32.705Z,29.7181,139.9904,10,4.7,mb,67,91,3.25,0.4,us,us6000le3i,2023-10-12T19:11:59.040Z,"Izu Islands, Japan region",earthquake,8.86,1.856,0.081,47,reviewed,us,us
2023-10-08T20:25:22.661Z,29.7105,139.9298,10,4.9,mb,71,73,3.276,0.73,us,us6000le2t,2023-10-12T19:05:29.040Z,"",earthquake,7.73,1.794,0.076,54,reviewed,us,us
2023-10-08T20:13:51.052Z,29.7099,140.0704,10,4.7,mb,81,53,3.202,0.71,us,us6000le2p,2023-10-12T18:59:25.040Z,"Izu Islands, Japan region",earthquake,5.55,1.8,0.07,63,reviewed,us,us
2023-10-08T19:53:46.086Z,29.6904,140.0613,10,4.5,mb,42,91,3.191,0.64,us,us6000leml,2023-10-12T18:53:55.040Z,"Izu Islands, Japan region",earthquake,10.14,1.892,0.101,29,reviewed,us,us
2023-10-08T19:50:23.930Z,-31.3915,-68.899,113.768,4.2,mb,34,40,0.239,0.74,us,us6000le2h,2023-10-12T18:36:51.040Z,"23 km NW of Villa Basilio Nievas, Argentina",earthquake,5.48,4.969,0.2,7,reviewed,us,us
2023-10-08T19:46:32.191Z,30.798,86.3755,10,4.4,mb,65,40,3.137,0.59,us,us6000le2i,2023-10-12T17:33:34.040Z,"197 km NE of Saga, China",earthquake,6.63,1.851,0.075,51,reviewed,us,us
2023-10-08T18:58:10.349Z,30.1221,139.878,10,4.3,mb,43,113,2.985,0.59,us,us6000lexg,2023-10-12T16:58:43.040Z,"Izu Islands, Japan region",earthquake,8.22,1.87,0.099,29,reviewed,us,us
2023-10-08T18:07:39.880Z,-3.1711,148.4554,7,5.9,mww,119,34,3.837,0.54,us,us6000le27,2023-10-12T16:49:34.247Z,"",earthquake,7.41,1.756,0.059,28,reviewed,us,us
2023-10-08T16:17:47.058Z,41.8454,82.4299,10,4.7,mb,69,54,2.497,0.98,us,us6000le1y,2023-10-10T13:34:26.040Z,"southern Xinjiang, China",earthquake,7.7,1.88,0.052,111,reviewed,us,us
2023-10-08T15:39:11.820Z,38.8245,-122.8101667,2.44,2.89,md,98,22,0.001106,0.05,nc,nc73947211,2023-10-09T13:03:14.444Z,"7 km NW of The Geysers, CA",earthquake,0.09,0.13,0.163,147,reviewed,nc,nc
2023-10-08T15:38:12.630Z,17.9203333333333,-66.2663333333333,10.43,2.53,md,19,199,0.1538,0.32,pr,pr71427993,2023-10-08T15:51:22.550Z,"5 km SW of Central Aguirre, Puerto Rico",earthquake,0.64,0.64,0.242335766371685,8,reviewed,pr,pr
2023-10-08T14:58:45.985Z,34.6028,61.9287,10.604,4.1,mb,34,130,5.87,0.73,us,us6000le1k,2023-10-09T07:06:44.731Z,"western Afghanistan",earthquake,11.34,6.536,0.145,13,reviewed,us,us
2023-10-08T14:47:57.127Z,52.0991,-173.5835,88.226,3.5,ml,19,190,0.363,0.6,us,us6000le23,2023-10-08T19:38:15.040Z,"43 km ESE of Atka, Alaska",earthquake,14.88,11.779,0.091,16,reviewed,us,us
2023-10-08T13:55:20.867Z,-21.748,-179.3793,594.741,4.4,mb,33,76,3.932,0.81,us,us6000le1f,2023-10-11T14:31:00.040Z,"Fiji region",earthquake,11.35,6.039,0.103,27,reviewed,us,us
2023-10-08T13:37:04.591Z,31.7275,79.332,10,4.6,mb,31,161,5.46,0.98,us,us6000le17,2023-10-12T13:29:21.205Z,"",earthquake,7.65,1.796,0.141,15,reviewed,us,us
2023-10-08T13:27:57.400Z,17.9166666666667,-66.9126666666667,13.8,2.51,md,8,230,0.05537,0.11,pr,pr71427983,2023-10-08T13:44:32.820Z,"6 km S of Guánica, Puerto Rico",earthquake,0.86,0.29,0.102747591804647,4,reviewed,pr,pr
2023-10-08T13:24:32.730Z,60.6686,-151.1021,46.6,3.2,ml,,,,0.28,ak,ak023cwxwdc9,2023-10-11T14:18:43.040Z,"Kenai Peninsula, Alaska",earthquake,,2,,,automatic,ak,ak
2023-10-08T13:19:12.716Z,33.7763,137.6215,326.435,4.4,mb,71,58,1.012,0.52,us,us6000le13,2023-10-08T14:23:05.040Z,"95 km SE of Shima, Japan",earthquake,8.37,6.68,0.07,59,reviewed,us,us
2023-10-08T12:00:39.341Z,31.657,-104.476,6.1316,3.1,ml(texnet),58,67,0,0.4,tx,tx2023tsmq,2023-10-09T15:19:57.809Z,"western Texas",earthquake,1.012695024,0.826932848,0.1,27,reviewed,tx,tx
2023-10-08T11:49:24.620Z,36.1718333333333,-89.8948333333333,15.35,2.53,md,51,44,0.044,0.12,nm,nm60554646,2023-10-11T12:20:06.391Z,"10 km S of Bragg City, Missouri",earthquake,0.22,0.31,0.0742101402203663,41,reviewed,nm,nm
2023-10-08T11:13:38.602Z,16.1163,-94.9809,33.056,4.4,mb,53,173,2.738,0.65,us,us6000le0c,2023-10-08T11:38:15.937Z,"Oaxaca, Mexico",earthquake,9.36,7.44,0.035,235,reviewed,us,us
2023-10-08T10:34:52.829Z,-9.9909,160.8493,23.865,4.9,mb,52,101,1.045,0.58,us,us6000le05,2023-10-08T11:03:10.040Z,"Solomon Islands",earthquake,8.56,4.893,0.058,94,reviewed,us,us
2023-10-08T10:33:19.628Z,-35.5074,-71.2825,99.286,4.3,mb,35,99,0.278,0.66,us,us6000le03,2023-10-08T11:09:49.040Z,"18 km E of San Clemente, Chile",earthquake,5.31,2.225,0.161,11,reviewed,us,us
2023-10-08T09:39:48.370Z,17.9023333333333,-66.9238333333333,15.41,2.78,md,18,216,0.07098,0.1,pr,pr71427973,2023-10-08T09:57:38.550Z,"7 km SSW of Guánica, Puerto Rico",earthquake,0.39,0.32,0.138014030418017,6,reviewed,pr,pr
2023-10-08T09:37:13.330Z,17.8935,-66.931,13.96,2.82,md,14,240,0.08112,0.08,pr,pr71427963,2023-10-08T09:52:41.070Z,"Puerto Rico region",earthquake,0.41,0.37,0.173424036277549,6,reviewed,pr,pr
2023-10-08T09:26:52.394Z,-28.6027,-71.3077,38.15,4.3,mb,21,136,0.447,0.54,us,us6000ldzv,2023-10-08T10:18:26.040Z,"53 km W of Vallenar, Chile",earthquake,3.78,7.644,0.218,6,reviewed,us,us
2023-10-08T09:20:55.701Z,18.9055,-68.9444,22.942,2.6,ml,19,169,0.661,0.5,us,us6000ldzt,2023-10-08T09:39:51.040Z,"13 km SE of Miches, Dominican Republic",earthquake,7.19,12.773,0.06,36,reviewed,us,us
2023-10-08T09:02:59.970Z,17.8746666666667,-66.9316666666667,13.92,2.78,md,13,247,0.09945,0.09,pr,pr71427948,2023-10-08T09:21:24.090Z,"11 km SSW of Guánica, Puerto Rico",earthquake,0.64,0.28,0.0386716626689361,7,reviewed,pr,pr
2023-10-08T08:17:49.508Z,52.4187,-167.7637,10,3.6,ml,,,,0.87,ak,ak023cwuvqoo,2023-10-08T16:53:49.653Z,"94 km SE of Nikolski, Alaska",earthquake,,0.6,,,reviewed,ak,ak
2023-10-08T07:28:53.500Z,-21.2067,-69.5765,72.148,5,mb,62,69,0.183,0.77,us,us6000ldz5,2023-10-09T01:15:04.778Z,"96 km S of La Tirana, Chile",earthquake,7.1,4.128,0.031,332,reviewed,us,us
2023-10-08T07:22:33.895Z,18.4204,-71.584,12.978,4.4,mb,78,33,0.625,0.92,us,us6000ldz3,2023-10-08T18:01:50.893Z,"Dominican Republic region",earthquake,2.56,5.195,0.069,61,reviewed,us,us
2023-10-08T07:12:16.633Z,66.3365,-154.7318,3.2,3.3,ml,,,,0.62,ak,ak023cwu95uu,2023-10-08T16:42:52.232Z,"",earthquake,,0.2,,,reviewed,ak,ak
2023-10-08T07:00:14.290Z,37.3973333,-121.7506667,5.37,2.66,md,125,29,0.06608,0.1,nc,nc73947011,2023-10-12T07:16:23.516Z,"8 km ENE of Alum Rock, CA",earthquake,0.08,0.29,0.156,150,reviewed,nc,nc
2023-10-08T06:15:09.348Z,37.8951,73.8062,11.143,4.2,mb,22,136,2.228,0.74,us,us6000ldyr,2023-10-08T06:48:11.040Z,"33 km SSW of Murghob, Tajikistan",earthquake,7.9,6.101,0.167,10,reviewed,us,us
2023-10-08T06:11:13.441Z,-5.532,146.023,70.812,4.6,mb,28,118,14.47,0.67,us,us6000ldyq,2023-10-08T06:33:21.040Z,"eastern New Guinea region, Papua New Guinea",earthquake,13.74,7.869,0.086,40,reviewed,us,us
2023-10-08T05:36:34.898Z,29.7419,140.1428,10,5.2,mww,54,132,3.375,0.99,us,us6000ldyn,2023-10-08T06:03:31.040Z,"",earthquake,10.55,1.721,0.063,24,reviewed,us,us
2023-10-08T04:57:08.773Z,-5.7091,145.7561,82.904,4.6,mb,42,66,5.955,0.69,us,us6000ldyi,2023-10-09T22:00:54.040Z,"54 km S of Madang, Papua New Guinea",earthquake,10.17,7.214,0.092,40,reviewed,us,us
2023-10-08T04:57:07.707Z,31.679,-104.422,6.4915,2.5,ml(texnet),32,62,0,0.2,tx,tx2023tryr,2023-10-09T20:22:49.635Z,"western Texas",earthquake,0.6975808978,0.6049999691,0.2,25,reviewed,tx,tx
2023-10-08T04:13:39.630Z,17.9113333333333,-66.927,15.31,2.64,md,14,232,0.06301,0.11,pr,pr71427903,2023-10-08T05:35:38.200Z,"",earthquake,0.48,0.38,0.0970313442902873,7,reviewed,pr,pr
2023-10-08T03:39:54.142Z,13.8086,-90.4848,94.129,4.5,mb,57,144,0.691,1.08,us,us6000ldy4,2023-10-08T09:38:11.533Z,"27 km ESE of Iztapa, Guatemala",earthquake,7.48,7.07,0.047,134,reviewed,us,us
2023-10-08T03:26:01.426Z,-26.5276,-176.3303,10,5,mb,31,121,3.066,1.09,us,us6000ldy2,2023-10-08T03:52:05.040Z,"south of the Fiji Islands",earthquake,11.18,1.333,0.094,36,reviewed,us,us
2023-10-08T03:16:54.240Z,47.2583,153.8527,10,4.8,mb,40,145,6.355,0.68,us,us6000ldy5,2023-10-08T04:03:24.040Z,"Kuril Islands",earthquake,11.44,1.917,0.075,55,reviewed,us,us
2023-10-08T02:47:29.433Z,34.4729,62.067,10,4.2,mb,32,196,5.76,0.9,us,us6000ldxr,2023-10-08T16:30:38.234Z,"western Afghanistan",earthquake,7.46,1.959,0.131,17,reviewed,us,us
2023-10-08T01:25:49.899Z,-34.7149,-71.8422,43.592,4.9,mb,51,117,0.703,0.77,us,us6000ldxh,2023-10-08T12:21:29.239Z,"44 km W of Santa Cruz, Chile",earthquake,4.48,6.719,0.096,34,reviewed,us,us
2023-10-08T00:46:58.490Z,17.9445,-66.9435,7.14,2.78,md,16,212,0.04313,0.24,pr,pr71427898,2023-10-08T00:57:01.520Z,"4 km SW of Guánica, Puerto Rico",earthquake,0.74,0.32,0.0492621273426177,6,reviewed,pr,pr
2023-10-08T00:41:16.190Z,17.864,-66.9248333333333,12.51,2.53,md,6,250,0.1087,0.09,pr,pr71427888,2023-10-08T00:49:16.010Z,"12 km S of Guánica, Puerto Rico",earthquake,1.54,0.64,0.0218871225204627,3,reviewed,pr,pr
2023-10-08T00:19:30.004Z,-5.577,146.2012,81.592,4.5,mb,37,89,6.098,0.74,us,us6000ldya,2023-10-08T04:41:01.040Z,"60 km SE of Madang, Papua New Guinea",earthquake,8.88,5.296,0.106,26,reviewed,us,us
2023-10-08T00:17:47.340Z,17.9136666666667,-66.9238333333333,14.98,2.73,md,17,230,0.05999,0.21,pr,pr71427873,2023-10-08T00:29:11.000Z,"6 km SSW of Guánica, Puerto Rico",earthquake,0.57,0.7,0.0765280113542073,6,reviewed,pr,pr
2023-10-07T23:57:26.745Z,9.2857,93.8865,10,4.5,mb,29,150,5.046,0.83,us,us6000lev0,2023-10-12T01:01:06.040Z,"291 km SSE of Port Blair, India",earthquake,12.19,1.935,0.139,15,reviewed,us,us
2023-10-07T23:32:19.572Z,31.1302,141.813,10,4.3,mb,27,143,2.607,0.8,us,us6000lev1,2023-10-14T04:47:29.040Z,"Izu Islands, Japan region",earthquake,4.82,1.9,0.169,10,reviewed,us,us
2023-10-07T23:18:02.354Z,6.0897,126.0327,145.473,4.2,mb,28,146,1.073,0.39,us,us6000leuz,2023-10-14T04:53:05.040Z,"34 km SSW of Pondaguitan, Philippines",earthquake,11.22,5.498,0.136,15,reviewed,us,us
2023-10-07T23:16:57.950Z,18.0926666666667,-64.9811666666667,8.34,3.3,md,13,143,0.2594,0.5,pr,pr71427843,2023-10-07T23:31:44.280Z,"28 km S of Charlotte Amalie, U.S. Virgin Islands",earthquake,1.05,1.72,0.174861353251306,13,reviewed,pr,pr
2023-10-07T23:03:26.096Z,61.0846,-149.9318,5,2.7,ml,,,,0.82,ak,ak023cvg6ue5,2023-10-08T00:11:01.798Z,"14 km S of Anchorage, Alaska",earthquake,,0.8,,,automatic,ak,ak
2023-10-07T23:03:17.883Z,60.7701,-150.9048,9.1,3,ml,,,,0.82,ak,ak023cvg6to1,2023-10-08T23:06:46.388Z,"Kenai Peninsula, Alaska",earthquake,,0.2,,,reviewed,ak,ak
2023-10-07T22:47:30.230Z,19.675,-68.8311,15,3.93,md,12,255,0.5253,0.42,pr,pr2023280002,2023-10-07T23:28:58.040Z,"Dominican Republic region",earthquake,2.46,3.28,0.33,5,reviewed,pr,pr
2023-10-07T22:39:24.348Z,-5.6276,145.9185,61.619,5.1,mb,75,24,6.384,0.88,us,us6000ldws,2023-10-08T02:53:11.823Z,"47 km SSE of Madang, Papua New Guinea",earthquake,5.05,5.479,0.046,153,reviewed,us,us
2023-10-07T22:01:48.775Z,37.9558,38.1207,10,4.3,mb,54,64,0.757,0.55,us,us6000ldwl,2023-10-07T22:18:32.040Z,"12 km SW of Çelikhan, Turkey",earthquake,4.64,1.94,0.086,38,reviewed,us,us
2023-10-07T21:49:41.213Z,9.2463,93.8574,10.04,4.6,mb,46,150,5.032,0.43,us,us6000ldwk,2023-10-07T22:08:06.040Z,"294 km SSE of Port Blair, India",earthquake,9.52,3.761,0.103,28,reviewed,us,us
2023-10-07T20:14:40.320Z,17.9081666666667,-66.9278333333333,13.39,3,md,22,225,0.06626,0.19,pr,pr71427813,2023-10-07T20:44:03.720Z,"7 km SSW of Guánica, Puerto Rico",earthquake,0.58,0.33,0.114878600441292,7,reviewed,pr,pr
2023-10-07T20:01:10.140Z,17.8865,-66.9275,13.66,3.28,md,18,245,0.08711,0.08,pr,pr71427808,2023-10-07T21:55:35.040Z,"9 km SSW of Guánica, Puerto Rico",earthquake,0.58,0.21,0.0660349343433331,9,reviewed,pr,pr
2023-10-07T19:52:47.410Z,17.9158,-66.9118,8,4.01,md,14,219,0.1429,0.09,pr,pr2023280001,2023-10-09T06:12:27.993Z,"Puerto Rico region",earthquake,0.46,1.77,0.13,10,reviewed,pr,pr
2023-10-07T18:32:54.980Z,-0.2691,125.1507,42.542,4.9,mb,111,40,2.445,0.78,us,us6000ldvm,2023-10-09T16:46:56.040Z,"112 km SE of Modisi, Indonesia",earthquake,6.34,5.954,0.058,100,reviewed,us,us
2023-10-07T18:32:23.931Z,34.6847,61.9222,10.267,4.2,mb,41,120,5.874,0.7,us,us6000ldvn,2023-10-09T15:01:30.040Z,"31 km SSE of Qarah Bāgh, Afghanistan",earthquake,9.84,4.961,0.093,37,reviewed,us,us
2023-10-07T17:57:19.503Z,-21.6187,-68.5933,139.956,4.4,mb,21,64,0.629,0.56,us,us6000ldvg,2023-10-07T18:43:21.040Z,"56 km SW of Ollagüe, Chile",earthquake,6.28,8.231,0.189,8,reviewed,us,us
2023-10-07T17:29:52.790Z,31.1971,141.8923,10,4.8,mb,126,95,2.601,0.56,us,us6000ldvd,2023-10-07T18:02:08.040Z,"",earthquake,8.96,1.871,0.046,155,reviewed,us,us
2023-10-07T16:20:35.178Z,-5.6539,145.9035,55.529,5.7,mww,98,23,6.052,0.69,us,us6000ldv4,2023-10-08T16:23:47.437Z,"eastern New Guinea region, Papua New Guinea",earthquake,7.72,4.413,0.06,27,reviewed,us,us
2023-10-07T16:20:08.105Z,30.855,-103.491,7.3913,2.7,ml(texnet),16,72,0.2,0.1,tx,tx2023tqzr,2023-10-13T19:06:48.253Z,"western Texas",earthquake,1.189728567,3.193684235,0.2,18,reviewed,tx,tx
2023-10-07T14:26:28.540Z,40.2432,142.306,55.854,5.1,mb,92,91,1.092,0.65,us,us6000lduu,2023-10-08T15:19:45.510Z,"44 km ENE of Noda, Japan",earthquake,6.43,5.31,0.036,254,reviewed,us,us
2023-10-07T14:19:31.795Z,-5.6938,146.1685,76.74,5.2,mb,138,37,6.157,0.74,us,us6000ldut,2023-10-07T20:05:33.776Z,"67 km SE of Madang, Papua New Guinea",earthquake,8.23,4.305,0.042,197,reviewed,us,us
2023-10-07T14:13:36.634Z,-5.6367,145.9293,66.738,5.5,mb,109,24,6.065,0.64,us,us6000ldus,2023-10-08T14:16:30.950Z,"48 km SSE of Madang, Papua New Guinea",earthquake,8.2,5.424,0.033,311,reviewed,us,us
2023-10-07T13:10:40.696Z,-5.6775,145.9334,43.99,5.6,mww,198,21,6.09,0.82,us,us6000lduj,2023-10-08T13:14:00.188Z,"eastern New Guinea region, Papua New Guinea",earthquake,7.4,4.684,0.098,10,reviewed,us,us
2023-10-07T12:47:36.016Z,-6.9899,125.6959,487.374,4.6,mb,24,80,3.09,0.55,us,us6000ldue,2023-10-07T13:10:14.040Z,"Banda Sea",earthquake,13.75,7.618,0.157,12,reviewed,us,us
2023-10-07T12:29:11.590Z,58.351,-133.4517,0,2.8,ml,,,,0.73,ak,ak023cv9sm6w,2023-10-07T12:47:45.040Z,"Southeastern Alaska",earthquake,,0.3,,,automatic,ak,ak
2023-10-07T11:27:42.535Z,34.5599,62.0272,10.877,4.3,mb,34,112,5.79,0.72,us,us6000ldts,2023-10-07T18:39:37.591Z,"28 km NW of Herāt, Afghanistan",earthquake,7.65,5.401,0.148,13,reviewed,us,us
2023-10-07T10:38:02.317Z,-5.6448,146.1714,80.588,4.5,mb,39,90,6.143,0.93,us,us6000ldtk,2023-10-07T11:30:45.040Z,"eastern New Guinea region, Papua New Guinea",earthquake,5.9,7.36,0.096,37,reviewed,us,us
2023-10-07T10:23:23.539Z,31.292,141.8837,10,5,mb,76,117,2.527,0.8,us,us6000ldth,2023-10-07T10:47:49.040Z,"Izu Islands, Japan region",earthquake,9.05,1.871,0.041,192,reviewed,us,us
2023-10-07T10:20:34.467Z,-6.2046,103.8239,39.84,4.7,mb,28,143,2.026,1.06,us,us6000ldtg,2023-10-07T10:37:02.040Z,"180 km WSW of Bandar Lampung, Indonesia",earthquake,8.47,7.924,0.13,20,reviewed,us,us
2023-10-07T10:04:58.492Z,58.3384,-133.3182,0,2.7,ml,,,,0.89,ak,ak023cv8ghpn,2023-10-07T10:28:37.040Z,"64 km E of Juneau, Alaska",earthquake,,0.3,,,automatic,ak,ak
2023-10-07T10:04:02.859Z,-5.6846,146.1306,90.011,4.4,mb,25,143,6.262,0.73,us,us6000ldtc,2023-10-07T10:23:40.040Z,"eastern New Guinea region, Papua New Guinea",earthquake,6.13,8.248,0.103,28,reviewed,us,us
2023-10-07T09:40:31.097Z,34.6726,61.9893,9.302,4.9,mb,89,88,5.819,1.04,us,us6000ldt7,2023-10-07T20:03:29.212Z,"western Afghanistan",earthquake,7.96,4.222,0.049,130,reviewed,us,us
2023-10-07T09:27:19.125Z,34.6094,62.0538,10.233,4.8,mb,46,94,5.767,0.83,us,us6000ldsx,2023-10-07T09:45:11.040Z,"31 km NNW of Herāt, Afghanistan",earthquake,9.59,4.532,0.074,56,reviewed,us,us
2023-10-07T09:22:47.098Z,60.2688,-143.2971,2.8,3.2,ml,,,,0.9,ak,ak023cv7yw33,2023-10-07T21:21:48.980Z,"131 km S of McCarthy, Alaska",earthquake,,0.1,,,reviewed,ak,ak
2023-10-07T09:18:50.590Z,-5.4781,145.9572,68.959,5.6,mb,78,54,6.011,0.76,us,us6000ldsf,2023-10-08T09:22:10.597Z,"34 km SSE of Madang, Papua New Guinea",earthquake,5.26,6.573,0.04,220,reviewed,us,us
2023-10-07T08:40:13.628Z,-5.5066,146.1982,76.011,6.9,mww,133,17,6.086,0.88,us,us6000ldqf,2023-10-09T00:04:59.002Z,"55 km SE of Madang, Papua New Guinea",earthquake,8,4.091,0.052,35,reviewed,us,us
2023-10-07T08:34:26.734Z,-5.5997,146.1315,53.498,6.7,mww,110,19,6.171,0.96,us,us6000ldqd,2023-10-12T17:03:16.040Z,"56 km SE of Madang, Papua New Guinea",earthquake,7.87,5.613,0.054,33,reviewed,us,us
2023-10-07T08:09:59.240Z,18.2775,-63.7428333333333,27.72,3.44,md,11,195,0.6744,0.53,pr,pr71427708,2023-10-07T08:34:59.340Z,"69 km W of Blowing Point Village, Anguilla",earthquake,4.69,20.94,0.0442152535519547,4,reviewed,pr,pr
2023-10-07T08:06:56.416Z,-21.419,-71.7399,19.854,4.6,mb,50,137,1.721,0.71,us,us6000ldq5,2023-10-07T08:26:59.040Z,"176 km WNW of Tocopilla, Chile",earthquake,7.61,5.191,0.09,37,reviewed,us,us
2023-10-07T08:06:37.093Z,34.6691,61.926,10,4.6,mb,28,150,5.871,0.53,us,us6000ldq8,2023-10-07T08:30:31.040Z,"33 km SSE of Qarah Bāgh, Afghanistan",earthquake,10.19,1.933,0.129,18,reviewed,us,us
2023-10-07T08:06:26.412Z,0.0545,97.55,24.43,4.7,mb,33,183,1.241,0.61,us,us6000ldq6,2023-10-07T08:23:16.040Z,"Nias region, Indonesia",earthquake,8.02,5.826,0.138,16,reviewed,us,us
2023-10-07T07:40:29.417Z,34.6391,62.0327,7.726,5.9,mww,126,43,5.783,0.71,us,us6000ldpv,2023-10-13T06:10:07.079Z,"35 km NNW of Herāt, Afghanistan",earthquake,7.26,3.844,0.054,33,reviewed,us,us
2023-10-07T07:12:50.042Z,34.5743,61.9037,10,6.3,mww,136,22,5.891,0.72,us,us6000ldpm,2023-10-12T17:17:29.040Z,"29 km NNE of Zindah Jān, Afghanistan",earthquake,7.78,1.772,0.051,37,reviewed,us,us
2023-10-07T07:10:34.212Z,34.5765,61.9105,10,4.7,mb,58,101,5.886,1.01,us,us6000ldpl,2023-10-07T18:37:49.825Z,"29 km NNE of Zindah Jān, Afghanistan",earthquake,10.15,1.896,0.07,61,reviewed,us,us
2023-10-07T06:49:41.577Z,34.5414,61.9547,11.438,5.5,mb,94,54,5.85,0.5,us,us6000ldph,2023-10-08T06:56:09.755Z,"29 km NE of Zindah Jān, Afghanistan",earthquake,8.97,4.093,0.036,266,reviewed,us,us
2023-10-07T06:41:03.428Z,34.6102,61.9242,14,6.3,mww,187,25,5.873,0.56,us,us6000ldpg,2023-10-12T17:09:09.040Z,"33 km NNE of Zindah Jān, Afghanistan",earthquake,8.2,1.562,0.048,41,reviewed,us,us
2023-10-07T06:29:06.603Z,-7.421,128.1094,170.355,4.7,mb,50,72,3.388,0.68,us,us6000ldpf,2023-10-07T06:44:21.040Z,"172 km NE of Lospalos, Timor Leste",earthquake,8.5,2.393,0.086,41,reviewed,us,us
2023-10-07T06:08:41.491Z,-25.3962,-68.2394,122.995,4.2,mb,12,86,1.245,0.59,us,us6000ldpb,2023-10-07T06:27:08.040Z,"",earthquake,10.83,15.232,0.305,3,reviewed,us,us
2023-10-07T06:04:06.873Z,41.7822,82.3603,10,4.8,mb,50,117,2.626,0.85,us,us6000ldpa,2023-10-07T06:22:58.040Z,"47 km W of Kuqa, China",earthquake,9.79,1.866,0.094,35,reviewed,us,us
2023-10-07T06:00:04.179Z,29.5147,81.2119,24.535,5,mb,103,50,3.961,0.47,us,us6000ldp9,2023-10-08T00:05:03.843Z,"Nepal",earthquake,3.7,4.99,0.057,99,reviewed,us,us
2023-10-07T05:52:17.689Z,-10.8639,165.6541,46.064,4.6,mb,28,107,5.794,0.55,us,us6000ldp8,2023-10-07T06:10:06.040Z,"21 km SW of Lata, Solomon Islands",earthquake,10.76,6.191,0.123,20,reviewed,us,us
2023-10-07T05:48:48.615Z,61.063,-149.6731,34.8,2.5,ml,,,,0.39,ak,ak023cv5qqf1,2023-10-07T23:09:35.621Z,"16 km N of Hope, Alaska",earthquake,,0.2,,,automatic,ak,ak
2023-10-07T05:25:47.630Z,19.5838,-64.778,83,3.85,md,14,295,1.2441,0.33,pr,pr2023280000,2023-10-07T05:54:33.040Z,"138 km N of Charlotte Amalie, U.S. Virgin Islands",earthquake,3.69,8.52,0.1,7,reviewed,pr,pr
2023-10-07T05:09:31.515Z,41.8792,82.4101,10,4.7,mb,50,107,2.6,0.44,us,us6000ldp1,2023-10-07T05:25:45.040Z,"46 km WNW of Kuqa, China",earthquake,8.43,1.901,0.089,39,reviewed,us,us
2023-10-07T05:06:55.719Z,17.0943,-94.9609,108.369,5.9,mww,132,80,2.825,0.91,us,us6000ldny,2023-10-08T05:10:42.459Z,"8 km W of Cuauhtémoc, Mexico",earthquake,7.7,4.606,0.032,91,reviewed,us,us
2023-10-07T04:46:33.236Z,30.0458,140.4104,10,4.9,mb,49,132,3.102,0.68,us,us6000ldnu,2023-10-07T05:17:51.040Z,"Izu Islands, Japan region",earthquake,5.17,1.804,0.054,106,reviewed,us,us
2023-10-07T04:16:57.281Z,31.736,-104.536,4.332,2.5,ml(texnet),27,84,0,0.2,tx,tx2023tqbv,2023-10-09T15:15:45.724Z,"51 km SSW of Whites City, New Mexico",earthquake,0.8754596728,0.5390114441,0.2,21,reviewed,tx,tx
2023-10-07T03:48:46.490Z,62.3508,-150.9111,68.5,3.9,ml,,,,0.65,ak,ak023cv4juze,2023-10-08T03:52:51.961Z,"Central Alaska",earthquake,,0.3,,,reviewed,ak,ak
2023-10-07T03:37:27.129Z,52.6333,-168.2882,44.798,3.2,ml,18,194,0.483,0.88,us,us6000letv,2023-10-13T04:47:59.040Z,"51 km SE of Nikolski, Alaska",earthquake,7.58,8.352,0.128,8,reviewed,us,us
2023-10-07T03:30:06.437Z,11.3575,142.3317,10,4.6,mb,28,98,3.325,0.85,us,us6000letu,2023-10-13T05:00:34.040Z,"265 km NE of Fais, Micronesia",earthquake,12.43,1.895,0.146,15,reviewed,us,us
2023-10-07T02:49:20.946Z,54.3919,-161.4587,43.694,4,ml,25,158,1.115,0.81,us,us6000ldng,2023-10-07T03:16:07.688Z,"92 km SE of King Cove, Alaska",earthquake,7.28,19.126,0.085,18,reviewed,us,us
2023-10-07T02:38:11.769Z,52.0666,-168.6174,30.495,2.8,ml,12,242,0.919,0.74,us,us6000ldni,2023-10-07T03:12:26.040Z,"",earthquake,6,15.771,0.128,8,reviewed,us,us
2023-10-07T01:13:42.357Z,47.1473,153.8105,10,4.7,mb,49,137,6.469,0.51,us,us6000ldn7,2023-10-07T01:43:01.040Z,"Kuril Islands",earthquake,8.64,1.756,0.066,70,reviewed,us,us
2023-10-07T00:49:22.230Z,18.241,-67.1648333333333,103.52,2.75,md,10,130,0.09928,0.22,pr,pr71427668,2023-10-07T01:02:23.160Z,"5 km NNW of Mayagüez, Puerto Rico",earthquake,1.72,0.95,0.115390207875166,6,reviewed,pr,pr
2023-10-07T00:41:39.582Z,-43.5792,-74.0903,31.129,4.3,mb,22,160,1.625,0.28,us,us6000ldn1,2023-10-09T05:04:19.040Z,"Near the coast of Los Lagos, Chile",earthquake,5.47,7.046,0.189,8,reviewed,us,us
2023-10-07T00:37:29.515Z,58.3491,-133.4458,0,2.8,ml,,,,0.82,ak,ak023cv2p61j,2023-10-09T04:39:59.040Z,"57 km E of Juneau, Alaska",earthquake,,0.3,,,automatic,ak,ak
